|V.1|17|
1|納維亞聖城|0|10|30|60|110|190|270|390|520|720|920|1260|1560|2080|2580|
2|斯坎地漁港|10|0|20|50|100|180|260|380|510|710|910|1250|1550|2070|2570|
3|日輪海岸|30|20|0|40|80|170|240|360|490|700|900|1230|1540|2050|2550|
4|披月丘陵|60|50|40|0|50|130|200|330|450|660|860|1190|1500|2020|2510|
5|雙瀑森林|110|100|80|50|0|80|160|280|410|610|810|1150|1450|1970|2470|
6|奇蹟礦山|190|180|170|130|80|0|80|200|320|530|730|1060|1370|1890|2380|
7|審判高地|270|260|240|200|160|80|0|120|250|460|660|990|1300|1810|2310|
8|薄螢沼澤|390|380|360|330|280|200|120|0|130|330|530|870|1170|1690|2190|
9|擁風草原|520|510|490|450|410|320|250|130|0|210|410|740|1050|1560|2060|
10|忘卻林|720|710|700|660|610|530|460|330|210|0|200|530|840|1360|1850|
11|星砂漠地|920|910|900|860|810|730|660|530|410|200|0|330|640|1160|1650|
12|彩菇之森|1260|1250|1230|1190|1150|1060|990|870|740|530|330|0|310|820|1320|
13|綠水溼地|1560|1550|1540|1500|1450|1370|1300|1170|1050|840|640|310|0|520|1010|
14|隕星高原|2080|2070|2050|2020|1970|1890|1810|1690|1560|1360|1160|820|520|0|500|
15|寂靜冰原|2580|2570|2550|2510|2470|2380|2310|2190|2060|1850|1650|1320|1010|500|0|